0	0.00166016
1	0.00166016
2	0.00166016
3	0.00166016
4	0.00166016
5	0.00166016
6	0.00166016
7	0.00166016
8	0.00166016
9	0.00166016
10	0.00166016
11	0.00166016
12	0.00166016
13	0.00166016
14	0.00166016
15	0.00166016
16	0.00166016
17	0.00166016
18	0.00166016
19	0.00166016
20	0.00166016
21	0.00166016
22	0.00166016
23	0.00166016
24	0.00166016
25	0.00166016
26	0.00166016
27	0.00166016
28	0.00166016
29	0.00166016
30	0.00166016
31	0.00166016
32	0.00166016
33	0.00166016
34	0.00166016
35	0.00166016
36	0.00166016
37	0.00166016
38	0.00166016
39	0.00166016
40	0.00166016
41	0.00166016
42	0.00166016
43	0.00166016
44	0.00166016
45	0.00166016
46	0.00166016
47	0.00166016
48	0.00166016
49	0.00166016
50	0.00166016
51	0.00166016
52	0.00166016
53	0.00166016
54	0.00166016
55	0.00166016
56	0.00166016
57	0.00166016
58	0.00166016
59	0.00166016
60	0.00166016
61	0.00166016
62	0.00166016
63	0.00166016
64	0.00166016
65	0.00166016
66	0.00166016
67	0.00166016
68	0.00166016
69	0.00166016
70	0.00166016
71	0.00166016
72	0.00166016
73	0.00166016
74	0.00166016
75	0.00166016
76	0.00166016
77	0.00166016
78	0.00166016
79	0.00166016
80	0.00166016
81	0.00166016
82	0.00166016
83	0.00166016
84	0.00166016
85	0.00166016
86	0.00166016
87	0.00166016
88	0.00166016
89	0.00166016
90	0.00166016
91	0.00166016
92	0.00166016
93	0.00166016
94	0.00166016
95	0.00166016
96	0.00166016
97	0.00166016
98	0.00166016
99	0.00166016
100	0.00166016
101	0.00166016
102	0.00166016
103	0.00166016
104	0.00166016
105	0.00166016
106	0.00166016
107	0.00166016
108	0.00166016
109	0.00166016
110	0.00166016
111	0.00166016
112	0.00166016
113	0.00166016
114	0.00166016
115	0.00166016
116	0.00166016
117	0.00166016
118	0.00166016
119	0.00166016
120	0.00166016
121	0.00166016
122	0.00166016
123	0.00166016
124	0.00166016
125	0.00166016
126	0.00166016
127	0.00166016
128	0.00166016
129	0.00166016
130	0.00166016
131	0.00166016
132	0.00166016
133	0.00166016
134	0.00166016
135	0.00166016
136	0.00166016
137	0.00166016
138	0.00166016
139	0.00166016
140	0.00166016
141	0.00166016
142	0.00166016
143	0.00166016
144	0.00166016
145	0.00166016
146	0.00166016
147	0.00166016
148	0.00166016
149	0.00166016
150	0.00166016
151	0.00166016
152	0.00166016
153	0.00166016
154	0.00166016
155	0.00166016
156	0.00166016
157	0.00166016
158	0.00166016
159	0.00166016
160	0.00166016
161	0.00166016
162	0.00166016
163	0.00166016
164	0.00166016
165	0.00166016
166	0.00166016
167	0.00166016
168	0.00166016
169	0.00166016
170	0.00166016
171	0.00166016
172	0.00166016
173	0.00166016
174	0.00166016
175	0.00166016
176	0.00166016
177	0.00166016
178	0.00166016
179	0.00166016
180	0.00166016
181	0.00166016
182	0.00166016
183	0.00166016
184	0.00166016
185	0.00166016
186	0.00166016
187	0.00166016
188	0.00166016
189	0.00166016
190	0.00166016
191	0.00166016
192	0.00166016
193	0.00166016
194	0.00166016
195	0.00166016
196	0.00166016
197	0.00166016
198	0.00166016
199	0.00166016
200	0.00166016
201	0.00166016
202	0.00166016
203	0.00166016
204	0.00166016
205	0.00166016
206	0.00166016
207	0.00166016
208	0.00166016
209	0.00166016
210	0.00166016
211	0.00166016
212	0.00166016
213	0.00166016
214	0.00166016
215	0.00166016
216	0.00166016
217	0.00166016
218	0.00166016
219	0.00166016
220	0.00166016
221	0.00166016
222	0.00166016
223	0.00166016
224	0.00166016
225	0.00166016
226	0.00166016
227	0.00166016
228	0.00166016
229	0.00166016
230	0.00166016
231	0.00166016
232	0.00166016
233	0.00166016
234	0.00166016
235	0.00166016
236	0.00166016
237	0.00166016
238	0.00166016
239	0.00166016
240	0.00166016
241	0.00166016
242	0.00166016
243	0.00166016
244	0.00166016
245	0.00166016
246	0.00166016
247	0.00166016
248	0.00166016
249	0.00166016
250	0.00166016
251	0.00166016
252	0.00166016
253	0.00166016
254	0.00166016
255	0.00166016
256	0.00166016
257	0.00166016
258	0.00166016
259	0.00166016
260	0.00166016
261	0.00166016
262	0.00166016
263	0.00166016
264	0.00166016
265	0.00166016
266	0.00166016
267	0.00166016
268	0.00166016
269	0.00166016
270	0.00166016
271	0.00166016
272	0.00166016
273	0.00166016
274	0.00166016
275	0.00166016
276	0.00166016
277	0.00166016
278	0.00166016
279	0.00166016
280	0.00166016
281	0.00166016
282	0.00166016
283	0.00166016
284	0.00166016
285	0.00166016
286	0.00166016
287	0.00166016
288	0.00166016
289	0.00166016
290	0.00166016
291	0.00166016
292	0.00166016
293	0.00166016
294	0.00166016
295	0.00166016
296	0.00166016
297	0.00166016
298	0.00166016
299	0.00166016
300	0.00166016
301	0.00166016
302	0.00166016
303	0.00166016
304	0.00166016
305	0.00166016
306	0.00166016
307	0.00166016
308	0.00166016
309	0.00166016
310	0.00166016
311	0.00166016
312	0.00166016
313	0.00166016
314	0.00166016
315	0.00166016
316	0.00166016
317	0.00166016
318	0.00166016
319	0.00166016
320	0.00166016
321	0.00166016
322	0.00166016
323	0.00166016
324	0.00166016
325	0.00166016
326	0.00166016
327	0.00166016
328	0.00166016
329	0.00166016
330	0.00166016
331	0.00166016
332	0.00166016
333	0.00166016
334	0.00166016
335	0.00166016
336	0.00166016
337	0.00166016
338	0.00166016
339	0.00166016
340	0.00166016
341	0.00166016
342	0.00166016
343	0.00166016
344	0.00166016
345	0.00166016
346	0.00166016
347	0.00166016
348	0.00166016
349	0.00166016
350	0.00166016
351	0.00166016
352	0.00166016
353	0.00166016
354	0.00166016
355	0.00166016
356	0.00166016
357	0.00166016
358	0.00166016
359	0.00166016
360	0.00166016
361	0.00166016
362	0.00166016
363	0.00166016
364	0.00166016
365	0.00166016
366	0.00166016
367	0.00166016
368	0.00166016
369	0.00166016
370	0.00166016
371	0.00166016
372	0.00166016
373	0.00166016
374	0.00166016
375	0.00166016
376	0.00166016
377	0.00166016
378	0.00166016
379	0.00166016
380	0.00166016
381	0.00166016
382	0.00166016
383	0.00166016
384	0.00166016
385	0.00166016
386	0.00166016
387	0.00166016
388	0.00166016
389	0.00166016
390	0.00166016
391	0.00166016
392	0.00166016
393	0.00166016
394	0.00166016
395	0.00166016
396	0.00166016
397	0.00166016
398	0.00166016
399	0.00166016
400	0.00166016
401	0.00166016
402	0.00166016
403	0.00166016
404	0.00166016
405	0.00166016
406	0.00166016
407	0.00166016
408	0.00166016
409	0.00166016
410	0.00166016
411	0.00166016
412	0.00166016
413	0.00166016
414	0.00166016
415	0.00166016
416	0.00166016
417	0.00166016
418	0.00166016
419	0.00166016
420	0.00166016
421	0.00166016
422	0.00166016
423	0.00166016
424	0.00166016
425	0.00166016
426	0.00166016
427	0.00166016
428	0.00166016
429	0.00166016
430	0.00166016
431	0.00166016
432	0.00166016
433	0.00166016
434	0.00166016
435	0.00166016
436	0.00166016
437	0.00166016
438	0.00166016
439	0.00166016
440	0.00166016
441	0.00166016
442	0.00166016
443	0.00166016
444	0.00166016
445	0.00166016
446	0.00166016
447	0.00166016
448	0.00166016
449	0.00166016
450	0.00166016
451	0.00166016
452	0.00166016
453	0.00166016
454	0.00166016
455	0.00166016
456	0.00166016
457	0.00166016
458	0.00166016
459	0.00166016
460	0.00166016
461	0.00166016
462	0.00166016
463	0.00166016
464	0.00166016
465	0.00166016
466	0.00166016
467	0.00166016
468	0.00166016
469	0.00166016
470	0.00166016
471	0.00166016
472	0.00166016
473	0.00166016
474	0.00166016
475	0.00166016
476	0.00166016
477	0.00166016
478	0.00166016
479	0.00166016
480	0.00166016
481	0.00166016
482	0.00166016
483	0.00166016
484	0.00166016
485	0.00166016
486	0.00166016
487	0.00166016
488	0.00166016
489	0.00166016
490	0.00166016
491	0.00166016
492	0.00166016
493	0.00166016
494	0.00166016
495	0.00166016
496	0.00166016
497	0.00166016
498	0.00166016
499	0.00166016
500	0.00166016
501	0.00166016
502	0.00166016
503	0.00166016
504	0.00166016
505	0.00166016
506	0.00166016
507	0.00166016
508	0.00166016
509	0.00166016
510	0.00166016
511	0.00166016
