0	0.0000512
1	0.0000512
2	0.0000512
3	0.0000512
4	0.0000512
5	0.0000512
6	0.0000512
7	0.0000512
8	0.0000512
9	0.0000512
10	0.0000512
11	0.0000512
12	0.0000512
13	0.0000512
14	0.0000512
15	0.0000512
16	0.0000512
17	0.0000512
18	0.0000512
19	0.0000512
20	0.0000512
21	0.0000512
22	0.0000512
23	0.0000512
24	0.0000512
25	0.0000512
26	0.0000512
27	0.0000512
28	0.0000512
29	0.0000512
30	0.0000512
31	0.0000512
32	0.0000512
33	0.0000512
34	0.0000512
35	0.0000512
36	0.0000512
37	0.0000512
38	0.0000512
39	0.0000512
40	0.0000512
41	0.0000512
42	0.0000512
43	0.0000512
44	0.0000512
45	0.0000512
46	0.0000512
47	0.0000512
48	0.0000512
49	0.0000512
50	0.0000512
51	0.0000512
52	0.0000512
53	0.0000512
54	0.0000512
55	0.0000512
56	0.0000512
57	0.0000512
58	0.0000512
59	0.0000512
60	0.0000512
61	0.0000512
62	0.0000512
63	0.0000512
64	0.0000512
65	0.0000512
66	0.0000512
67	0.0000512
68	0.0000512
69	0.0000512
70	0.0000512
71	0.0000512
72	0.0000512
73	0.0000512
74	0.0000512
75	0.0000512
76	0.0000512
77	0.0000512
78	0.0000512
79	0.0000512
80	0.0000512
81	0.0000512
82	0.0000512
83	0.0000512
84	0.0000512
85	0.0000512
86	0.0000512
87	0.0000512
88	0.0000512
89	0.0000512
90	0.0000512
91	0.0000512
92	0.0000512
93	0.0000512
94	0.0000512
95	0.0000512
96	0.0000512
97	0.0000512
98	0.0000512
99	0.0000512
100	0.0000512
101	0.0000512
102	0.0000512
103	0.0000512
104	0.0000512
105	0.0000512
106	0.0000512
107	0.0000512
108	0.0000512
109	0.0000512
110	0.0000512
111	0.0000512
112	0.0000512
113	0.0000512
114	0.0000512
115	0.0000512
116	0.0000512
117	0.0000512
118	0.0000512
119	0.0000512
120	0.0000512
121	0.0000512
122	0.0000512
123	0.0000512
124	0.0000512
125	0.0000512
126	0.0000512
127	0.0000512
128	0.0000512
129	0.0000512
130	0.0000512
131	0.0000512
132	0.0000512
133	0.0000512
134	0.0000512
135	0.0000512
136	0.0000512
137	0.0000512
138	0.0000512
139	0.0000512
140	0.0000512
141	0.0000512
142	0.0000512
143	0.0000512
144	0.0000512
145	0.0000512
146	0.0000512
147	0.0000512
148	0.0000512
149	0.0000512
150	0.0000512
151	0.0000512
152	0.0000512
153	0.0000512
154	0.0000512
155	0.0000512
156	0.0000512
157	0.0000512
158	0.0000512
159	0.0000512
160	0.0000512
161	0.0000512
162	0.0000512
163	0.0000512
164	0.0000512
165	0.0000512
166	0.0000512
167	0.0000512
168	0.0000512
169	0.0000512
170	0.0000512
171	0.0000512
172	0.0000512
173	0.0000512
174	0.0000512
175	0.0000512
176	0.0000512
177	0.0000512
178	0.0000512
179	0.0000512
180	0.0000512
181	0.0000512
182	0.0000512
183	0.0000512
184	0.0000512
185	0.0000512
186	0.0000512
187	0.0000512
188	0.0000512
189	0.0000512
190	0.0000512
191	0.0000512
192	0.0000512
193	0.0000512
194	0.0000512
195	0.0000512
196	0.0000512
197	0.0000512
198	0.0000512
199	0.0000512
200	0.0000512
201	0.0000512
202	0.0000512
203	0.0000512
204	0.0000512
205	0.0000512
206	0.0000512
207	0.0000512
208	0.0000512
209	0.0000512
210	0.0000512
211	0.0000512
212	0.0000512
213	0.0000512
214	0.0000512
215	0.0000512
216	0.0000512
217	0.0000512
218	0.0000512
219	0.0000512
220	0.0000512
221	0.0000512
222	0.0000512
223	0.0000512
224	0.0000512
225	0.0000512
226	0.0000512
227	0.0000512
228	0.0000512
229	0.0000512
230	0.0000512
231	0.0000512
232	0.0000512
233	0.0000512
234	0.0000512
235	0.0000512
236	0.0000512
237	0.0000512
238	0.0000512
239	0.0000512
240	0.0000512
241	0.0000512
242	0.0000512
243	0.0000512
244	0.0000512
245	0.0000512
246	0.0000512
247	0.0000512
248	0.0000512
249	0.0000512
250	0.0000512
251	0.0000512
252	0.0000512
253	0.0000512
254	0.0000512
255	0.0000512
256	0.0000512
257	0.0000512
258	0.0000512
259	0.0000512
260	0.0000512
261	0.0000512
262	0.0000512
263	0.0000512
264	0.0000512
265	0.0000512
266	0.0000512
267	0.0000512
268	0.0000512
269	0.0000512
270	0.0000512
271	0.0000512
272	0.0000512
273	0.0000512
274	0.0000512
275	0.0000512
276	0.0000512
277	0.0000512
278	0.0000512
279	0.0000512
280	0.0000512
281	0.0000512
282	0.0000512
283	0.0000512
284	0.0000512
285	0.0000512
286	0.0000512
287	0.0000512
288	0.0000512
289	0.0000512
290	0.0000512
291	0.0000512
292	0.0000512
293	0.0000512
294	0.0000512
295	0.0000512
296	0.0000512
297	0.0000512
298	0.0000512
299	0.0000512
300	0.0000512
301	0.0000512
302	0.0000512
303	0.0000512
304	0.0000512
305	0.0000512
306	0.0000512
307	0.0000512
308	0.0000512
309	0.0000512
310	0.0000512
311	0.0000512
312	0.0000512
313	0.0000512
314	0.0000512
315	0.0000512
316	0.0000512
317	0.0000512
318	0.0000512
319	0.0000512
320	0.0000512
321	0.0000512
322	0.0000512
323	0.0000512
324	0.0000512
325	0.0000512
326	0.0000512
327	0.0000512
328	0.0000512
329	0.0000512
330	0.0000512
331	0.0000512
332	0.0000512
333	0.0000512
334	0.0000512
335	0.0000512
336	0.0000512
337	0.0000512
338	0.0000512
339	0.0000512
340	0.0000512
341	0.0000512
342	0.0000512
343	0.0000512
344	0.0000512
345	0.0000512
346	0.0000512
347	0.0000512
348	0.0000512
349	0.0000512
350	0.0000512
351	0.0000512
352	0.0000512
353	0.0000512
354	0.0000512
355	0.0000512
356	0.0000512
357	0.0000512
358	0.0000512
359	0.0000512
360	0.0000512
361	0.0000512
362	0.0000512
363	0.0000512
364	0.0000512
365	0.0000512
366	0.0000512
367	0.0000512
368	0.0000512
369	0.0000512
370	0.0000512
371	0.0000512
372	0.0000512
373	0.0000512
374	0.0000512
375	0.0000512
376	0.0000512
377	0.0000512
378	0.0000512
379	0.0000512
380	0.0000512
381	0.0000512
382	0.0000512
383	0.0000512
384	0.0000512
385	0.0000512
386	0.0000512
387	0.0000512
388	0.0000512
389	0.0000512
390	0.0000512
391	0.0000512
392	0.0000512
393	0.0000512
394	0.0000512
395	0.0000512
396	0.0000512
397	0.0000512
398	0.0000512
399	0.0000512
400	0.0000512
401	0.0000512
402	0.0000512
403	0.0000512
404	0.0000512
405	0.0000512
406	0.0000512
407	0.0000512
408	0.0000512
409	0.0000512
410	0.0000512
411	0.0000512
412	0.0000512
413	0.0000512
414	0.0000512
415	0.0000512
416	0.0000512
417	0.0000512
418	0.0000512
419	0.0000512
420	0.0000512
421	0.0000512
422	0.0000512
423	0.0000512
424	0.0000512
425	0.0000512
426	0.0000512
427	0.0000512
428	0.0000512
429	0.0000512
430	0.0000512
431	0.0000512
432	0.0000512
433	0.0000512
434	0.0000512
435	0.0000512
436	0.0000512
437	0.0000512
438	0.0000512
439	0.0000512
440	0.0000512
441	0.0000512
442	0.0000512
443	0.0000512
444	0.0000512
445	0.0000512
446	0.0000512
447	0.0000512
448	0.0000512
449	0.0000512
450	0.0000512
451	0.0000512
452	0.0000512
453	0.0000512
454	0.0000512
455	0.0000512
456	0.0000512
457	0.0000512
458	0.0000512
459	0.0000512
460	0.0000512
461	0.0000512
462	0.0000512
463	0.0000512
464	0.0000512
465	0.0000512
466	0.0000512
467	0.0000512
468	0.0000512
469	0.0000512
470	0.0000512
471	0.0000512
472	0.0000512
473	0.0000512
474	0.0000512
475	0.0000512
476	0.0000512
477	0.0000512
478	0.0000512
479	0.0000512
480	0.0000512
481	0.0000512
482	0.0000512
483	0.0000512
484	0.0000512
485	0.0000512
486	0.0000512
487	0.0000512
488	0.0000512
489	0.0000512
490	0.0000512
491	0.0000512
492	0.0000512
493	0.0000512
494	0.0000512
495	0.0000512
496	0.0000512
497	0.0000512
498	0.0000512
499	0.0000512
500	0.0000512
501	0.0000512
502	0.0000512
503	0.0000512
504	0.0000512
505	0.0000512
506	0.0000512
507	0.0000512
508	0.0000512
509	0.0000512
510	0.0000512
511	0.0000512
512	0.0000512
513	0.0000512
514	0.0000512
515	0.0000512
516	0.0000512
517	0.0000512
518	0.0000512
519	0.0000512
520	0.0000512
521	0.0000512
522	0.0000512
523	0.0000512
524	0.0000512
525	0.0000512
526	0.0000512
527	0.0000512
528	0.0000512
529	0.0000512
530	0.0000512
531	0.0000512
532	0.0000512
533	0.0000512
534	0.0000512
535	0.0000512
536	0.0000512
537	0.0000512
538	0.0000512
539	0.0000512
540	0.0000512
541	0.0000512
542	0.0000512
543	0.0000512
544	0.0000512
545	0.0000512
546	0.0000512
547	0.0000512
548	0.0000512
549	0.0000512
550	0.0000512
551	0.0000512
552	0.0000512
553	0.0000512
554	0.0000512
555	0.0000512
556	0.0000512
557	0.0000512
558	0.0000512
559	0.0000512
560	0.0000512
561	0.0000512
562	0.0000512
563	0.0000512
564	0.0000512
565	0.0000512
566	0.0000512
567	0.0000512
568	0.0000512
569	0.0000512
570	0.0000512
571	0.0000512
572	0.0000512
573	0.0000512
574	0.0000512
575	0.0000512
576	0.0000512
577	0.0000512
578	0.0000512
579	0.0000512
580	0.0000512
581	0.0000512
582	0.0000512
583	0.0000512
584	0.0000512
585	0.0000512
586	0.0000512
587	0.0000512
588	0.0000512
589	0.0000512
590	0.0000512
591	0.0000512
592	0.0000512
593	0.0000512
594	0.0000512
595	0.0000512
596	0.0000512
597	0.0000512
598	0.0000512
599	0.0000512
600	0.0000512
601	0.0000512
602	0.0000512
603	0.0000512
604	0.0000512
605	0.0000512
606	0.0000512
607	0.0000512
608	0.0000512
609	0.0000512
610	0.0000512
611	0.0000512
612	0.0000512
613	0.0000512
614	0.0000512
615	0.0000512
616	0.0000512
617	0.0000512
618	0.0000512
619	0.0000512
620	0.0000512
621	0.0000512
622	0.0000512
623	0.0000512
624	0.0000512
625	0.0000512
626	0.0000512
627	0.0000512
628	0.0000512
629	0.0000512
630	0.0000512
631	0.0000512
632	0.0000512
633	0.0000512
634	0.0000512
635	0.0000512
636	0.0000512
637	0.0000512
638	0.0000512
639	0.0000512
640	0.0000512
641	0.0000512
642	0.0000512
643	0.0000512
644	0.0000512
645	0.0000512
646	0.0000512
647	0.0000512
648	0.0000512
649	0.0000512
650	0.0000512
651	0.0000512
652	0.0000512
653	0.0000512
654	0.0000512
655	0.0000512
656	0.0000512
657	0.0000512
658	0.0000512
659	0.0000512
660	0.0000512
661	0.0000512
662	0.0000512
663	0.0000512
664	0.0000512
665	0.0000512
666	0.0000512
667	0.0000512
668	0.0000512
669	0.0000512
670	0.0000512
671	0.0000512
672	0.0000512
673	0.0000512
674	0.0000512
675	0.0000512
676	0.0000512
677	0.0000512
678	0.0000512
679	0.0000512
680	0.0000512
681	0.0000512
682	0.0000512
683	0.0000512
684	0.0000512
685	0.0000512
686	0.0000512
687	0.0000512
688	0.0000512
689	0.0000512
690	0.0000512
691	0.0000512
692	0.0000512
693	0.0000512
694	0.0000512
695	0.0000512
696	0.0000512
697	0.0000512
698	0.0000512
699	0.0000512
700	0.0000512
701	0.0000512
702	0.0000512
703	0.0000512
704	0.0000512
705	0.0000512
706	0.0000512
707	0.0000512
708	0.0000512
709	0.0000512
710	0.0000512
711	0.0000512
712	0.0000512
713	0.0000512
714	0.0000512
715	0.0000512
716	0.0000512
717	0.0000512
718	0.0000512
719	0.0000512
720	0.0000512
721	0.0000512
722	0.0000512
723	0.0000512
724	0.0000512
725	0.0000512
726	0.0000512
727	0.0000512
728	0.0000512
729	0.0000512
730	0.0000512
731	0.0000512
732	0.0000512
733	0.0000512
734	0.0000512
735	0.0000512
736	0.0000512
737	0.0000512
738	0.0000512
739	0.0000512
740	0.0000512
741	0.0000512
742	0.0000512
743	0.0000512
744	0.0000512
745	0.0000512
746	0.0000512
747	0.0000512
748	0.0000512
749	0.0000512
750	0.0000512
751	0.0000512
752	0.0000512
753	0.0000512
754	0.0000512
755	0.0000512
756	0.0000512
757	0.0000512
758	0.0000512
759	0.0000512
760	0.0000512
761	0.0000512
762	0.0000512
763	0.0000512
764	0.0000512
765	0.0000512
766	0.0000512
767	0.0000512
768	0.0000512
769	0.0000512
770	0.0000512
771	0.0000512
772	0.0000512
773	0.0000512
774	0.0000512
775	0.0000512
776	0.0000512
777	0.0000512
778	0.0000512
779	0.0000512
780	0.0000512
781	0.0000512
782	0.0000512
783	0.0000512
784	0.0000512
785	0.0000512
786	0.0000512
787	0.0000512
788	0.0000512
789	0.0000512
790	0.0000512
791	0.0000512
792	0.0000512
793	0.0000512
794	0.0000512
795	0.0000512
796	0.0000512
797	0.0000512
798	0.0000512
799	0.0000512
800	0.0000512
801	0.0000512
802	0.0000512
803	0.0000512
804	0.0000512
805	0.0000512
806	0.0000512
807	0.0000512
808	0.0000512
809	0.0000512
810	0.0000512
811	0.0000512
812	0.0000512
813	0.0000512
814	0.0000512
815	0.0000512
816	0.0000512
817	0.0000512
818	0.0000512
819	0.0000512
820	0.0000512
821	0.0000512
822	0.0000512
823	0.0000512
824	0.0000512
825	0.0000512
826	0.0000512
827	0.0000512
828	0.0000512
829	0.0000512
830	0.0000512
831	0.0000512
832	0.0000512
833	0.0000512
834	0.0000512
835	0.0000512
836	0.0000512
837	0.0000512
838	0.0000512
839	0.0000512
840	0.0000512
841	0.0000512
842	0.0000512
843	0.0000512
844	0.0000512
845	0.0000512
846	0.0000512
847	0.0000512
848	0.0000512
849	0.0000512
850	0.0000512
851	0.0000512
852	0.0000512
853	0.0000512
854	0.0000512
855	0.0000512
856	0.0000512
857	0.0000512
858	0.0000512
859	0.0000512
860	0.0000512
861	0.0000512
862	0.0000512
863	0.0000512
864	0.0000512
865	0.0000512
866	0.0000512
867	0.0000512
868	0.0000512
869	0.0000512
870	0.0000512
871	0.0000512
872	0.0000512
873	0.0000512
874	0.0000512
875	0.0000512
876	0.0000512
877	0.0000512
878	0.0000512
879	0.0000512
880	0.0000512
881	0.0000512
882	0.0000512
883	0.0000512
884	0.0000512
885	0.0000512
886	0.0000512
887	0.0000512
888	0.0000512
889	0.0000512
890	0.0000512
891	0.0000512
892	0.0000512
893	0.0000512
894	0.0000512
895	0.0000512
896	0.0000512
897	0.0000512
898	0.0000512
899	0.0000512
900	0.0000512
901	0.0000512
902	0.0000512
903	0.0000512
904	0.0000512
905	0.0000512
906	0.0000512
907	0.0000512
908	0.0000512
909	0.0000512
910	0.0000512
911	0.0000512
912	0.0000512
913	0.0000512
914	0.0000512
915	0.0000512
916	0.0000512
917	0.0000512
918	0.0000512
919	0.0000512
920	0.0000512
921	0.0000512
922	0.0000512
923	0.0000512
924	0.0000512
925	0.0000512
926	0.0000512
927	0.0000512
928	0.0000512
929	0.0000512
930	0.0000512
931	0.0000512
932	0.0000512
933	0.0000512
934	0.0000512
935	0.0000512
936	0.0000512
937	0.0000512
938	0.0000512
939	0.0000512
940	0.0000512
941	0.0000512
942	0.0000512
943	0.0000512
944	0.0000512
945	0.0000512
946	0.0000512
947	0.0000512
948	0.0000512
949	0.0000512
950	0.0000512
951	0.0000512
952	0.0000512
953	0.0000512
954	0.0000512
955	0.0000512
956	0.0000512
957	0.0000512
958	0.0000512
959	0.0000512
960	0.0000512
961	0.0000512
962	0.0000512
963	0.0000512
964	0.0000512
965	0.0000512
966	0.0000512
967	0.0000512
968	0.0000512
969	0.0000512
970	0.0000512
971	0.0000512
972	0.0000512
973	0.0000512
974	0.0000512
975	0.0000512
976	0.0000512
977	0.0000512
978	0.0000512
979	0.0000512
980	0.0000512
981	0.0000512
982	0.0000512
983	0.0000512
984	0.0000512
985	0.0000512
986	0.0000512
987	0.0000512
988	0.0000512
989	0.0000512
990	0.0000512
991	0.0000512
992	0.0000512
993	0.0000512
994	0.0000512
995	0.0000512
996	0.0000512
997	0.0000512
998	0.0000512
999	0.0000512
1000	0.0000512
1001	0.0000512
1002	0.0000512
1003	0.0000512
1004	0.0000512
1005	0.0000512
1006	0.0000512
1007	0.0000512
1008	0.0000512
1009	0.0000512
1010	0.0000512
1011	0.0000512
1012	0.0000512
1013	0.0000512
1014	0.0000512
1015	0.0000512
1016	0.0000512
1017	0.0000512
1018	0.0000512
1019	0.0000512
1020	0.0000512
1021	0.0000512
1022	0.0000512
1023	0.0000512
