32
1
0	1	1	849	1	0	1	63	
1
0	1	1	849	1	0	64	127	
1
0	1	1	849	1	0	128	191	
1
0	1	1	849	1	0	192	255	
1
0	1	1	849	1	0	256	319	
1
0	1	1	849	1	0	320	383	
1
0	1	1	849	1	0	384	447	
1
0	1	1	849	1	0	448	511	
1
0	1	1	849	1	0	512	575	
1
0	1	1	849	1	0	576	639	
1
0	1	1	849	1	0	640	703	
1
0	1	1	849	1	0	704	767	
1
0	1	1	849	1	0	768	831	
1
0	1	1	849	1	0	832	895	
1
0	1	1	849	1	0	896	959	
1
0	1	1	849	1	0	960	1023	
1
0	1	1	849	1	0	1024	1087	
1
0	1	1	849	1	0	1088	1151	
1
0	1	1	849	1	0	1152	1215	
1
0	1	1	849	1	0	1216	1279	
1
0	1	1	849	1	0	1280	1343	
1
0	1	1	849	1	0	1344	1407	
1
0	1	1	849	1	0	1408	1471	
1
0	1	1	849	1	0	1472	1535	
1
0	1	1	849	1	0	1536	1599	
1
0	1	1	849	1	0	1600	1663	
1
0	1	1	849	1	0	1664	1727	
1
0	1	1	849	1	0	1728	1791	
1
0	1	1	849	1	0	1792	1855	
1
0	1	1	849	1	0	1856	1919	
1
0	1	1	849	1	0	1920	1983	
1
0	1	1	849	1	0	1984	2047	
